1                                           
1                                           
1.5                                           
1.5                                           
2                                           
2                                           
2.2                                           
2.2                                           
2.4                                           
2.7                                           
4.7                                           
4.87                                          
5.1                                           
6.8                                           
10 
12.1                                  
16.9                                          
27 
27.4                                  
33 
34 
47 
47 
51 
56 
60.4
75 
84.5                                  
90.9                                          
100                                           
200                                           
220                                           
240                                           
300                                           
332                                           
470                                           
1000                                           
820 
4.7                                   
200                                           
270                                           
0.5 
2.2                                   
200                                           
33 
5.1                                   
180                                           
220                                           
4.7                                           
1500                                           
4.7                                           
5.1                                           
10 
3900                                   
15 
20 
330 
100                   
10 
1000                                   
22                                           
2000                                           
33                                           
3                                       